0 1.00 1 1
1 0.42 9 3
2 0.58 9 0
3 0.53 28 3
4 0.53 30 3
5 0.53 30 3
6 0.54 33 7
7 0.32 28 5
8 0.63 24 7
9 0.62 19 1
10 0.24 21 2
11 0.52 19 3
12 0.45 26 5
13 0.56 21 3
14 0.46 46 7
15 0.44 13 2
16 0.43 77 12
17 0.48 43 2
18 0.46 42 5
19 0.60 29 2
20 0.58 36 5
21 0.50 22 2
22 0.47 44 3
23 0.57 22 2
24 0.60 17 1
25 0.69 26 4
26 0.57 34 2
27 1.00 1 1
28 0.71 4 1
29 0.60 7 0
30 0.55 31 2
31 0.48 21 2
32 0.59 34 1
33 0.53 35 3
34 0.58 22 7
35 0.49 14 1
36 0.57 36 5
37 0.61 25 4
38 0.50 16 2
39 0.45 56 2
40 0.55 21 4
41 0.60 22 5
42 0.50 3 1
43 0.53 35 3
44 0.55 16 3
45 0.67 19 1
46 0.67 16 2
47 0.53 15 4
48 0.48 21 2
49 0.56 24 3
50 0.67 12 1
51 0.53 32 2
52 0.50 31 5
53 0.48 33 4
54 0.50 3 1
55 0.53 26 4
56 0.43 14 2
57 0.38 26 2
58 0.51 15 3
59 0.47 26 2
60 1.00 1 1
61 0.71 4 3
62 0.83 3 0
63 0.67 10 2
64 0.45 13 2
65 0.43 29 5
66 0.44 23 4
67 0.51 18 3
68 0.65 14 1
69 0.21 11 0
70 0.47 24 4
71 0.55 13 2
72 0.34 19 0
73 0.45 46 3
74 0.42 37 4
75 0.49 17 1
76 0.49 21 2
77 0.66 32 5
78 0.45 17 0
79 0.55 26 3
80 0.58 13 4
81 0.60 12 1
82 0.42 41 8
83 0.50 38 5
84 0.49 23 5
85 0.65 19 5
86 0.43 33 4
87 0.51 14 1
88 0.29 26 5
89 0.57 22 3
90 0.51 22 1
91 0.55 18 4
92 0.50 15 4
93 1.00 1 1
94 0.63 26 12
95 0.61 11 0
96 0.50 26 4
97 0.45 44 10
98 0.40 23 0
99 0.40 11 1
100  0.46 35 3
101  0.85 10 3
102  0.53 25 4
103  0.47 26 3
104  0.77 11 2
105  0.55 50 11
106  0.54 7 2
107  0.52 26 5
108  0.62 22 2
109  0.26 34 4
110  0.61 22 3
111  0.42 49 6
112  0.54 25 4
113  0.44 15 2
114  0.65 25 2
115  0.41 14 0
116  0.53 53 4
117  0.58 45 9
118  0.42 17 4
119  0.69 14 1
120  0.50 42 5
121  0.51 17 1
122  0.53 32 6
123  0.42 14 3
124  1.00 1 1
125  0.53 5 1
126  0.70 7 0
127  0.43 28 1
128  0.51 33 3
129  0.64 29 3
130  0.48 27 4
131  0.41 19 3
132  0.07 15 1
133  0.24 31 2
134  0.12 9 1
135  0.42 31 3
136  0.47 37 3
137  0.32 26 2
138  0.49 18 2
139  0.39 23 1
140  0.33 49 3
141  0.31 32 2
142  0.47 53 8
143  0.33 35 4
144  0.42 39 6
145  0.54 32 3
146  0.48 21 3
147  0.39 20 2
148  0.63 14 2
149  0.44 26 4
150  0.40 26 4
151  0.31 42 3
152  0.43 51 2
153  0.24 33 2
154  0.28 43 3
155  0.38 43 2
156  0.15 48 2
157  0.19 28 2
158  0.50 10 0
159  0.48 13 0
160  0.34 22 3
161  0.39 18 2
162  0.25 18 0
163  0.24 29 0
164  0.24 17 0
165  1.00 1 1
166  0.71 4 2
167  0.83 7 0
168  0.35 16 2
169  0.46 14 1
170  0.45 20 2
171  0.14 18 1
172  0.28 24 1
173  0.49 25 4
174  0.47 29 3
175  0.49 37 4
176  0.55 27 1
177  0.33 7 1
178  0.56 17 1
179  0.59 21 2
180  0.59 15 3
181  0.48 42 6
182  0.63 19 2
183  0.58 20 4
184  0.40 56 5
185  0.53 16 1
186  0.44 8 1
187  0.40 35 1
188  0.39 33 4
189  0.29 29 2
190  0.38 25 1
191  0.71 15 2
192  0.57 11 0
193  0.20 25 1
194  0.47 22 1
195  0.54 25 0
196  0.25 30 5
197  0.22 17 1
198  0.30 17 0
199  0.52 28 6
200  0.43 6 1
201  0.29 19 1
202  0.61 8 3
203  0.26 16 1
204  0.51 28 2
205  0.38 32 4
206  0.47 29 2
207  0.48 31 5
208  0.55 16 2
209  0.55 17 2
210  1.00 1 1
211  0.71 4 3
212  0.70 7 0
213  0.40 46 6
214  0.46 58 8
215  0.55 33 3
216  0.48 11 2
217  0.47 53 7
218  0.56 18 5
219  0.51 51 6
220  0.49 19 2
221  0.25 14 3
222  0.33 17 0
223  0.76 18 6
224  0.38 44 6
225  0.40 16 2
226  0.58 17 3
227  0.67 13 4
228  0.49 16 4
229  0.59 12 3
230  0.58 13 3
231  0.54 18 3
232  0.41 23 5
233  0.56 46 9
234  0.68 18 3
235  0.62 25 4
236  0.57 45 9
237  0.48 10 1
238  0.53 24 3
239  0.59 23 7
240  0.61 19 3
241  0.48 33 3
242  0.52 21 2
243  0.47 17 3
244  0.58 29 5
245  0.61 22 5
246  0.47 37 5
247  0.39 30 4
248  0.55 15 2
249  0.44 36 4
250  0.41 37 6
251  0.41 17 1
252  0.52 28 2
253  0.37 49 8
254  0.43 13 2
255  0.37 28 2
256  0.55 25 2
257  0.52 38 1
258  0.49 11 1
259  0.41 31 11
260  0.39 23 2
261  0.37 23 3
262  0.25 18 3
263  0.30 10 1
264  0.31 25 1
265  0.70 20 7
266  0.58 27 6
267  0.59 25 3
268  0.49 33 2
269  0.59 19 2
270  0.49 15 5
271  0.45 7 2
272  0.43 20 3
273  0.47 17 1
274  0.42 19 1
275  1.00 1 1
276  0.33 10 3
277  0.77 3 0
278  0.43 30 4
279  0.51 42 6
280  0.64 14 3
281  0.52 48 6
282  0.42 16 2
283  0.39 14 3
284  0.51 40 10
285  0.52 26 3
286  0.49 40 7
287  0.62 26 3
288  0.43 27 3
289  0.54 29 3
290  0.56 38 8
291  0.30 18 1
292  0.39 38 4
293  0.46 30 2
294  0.48 17 2
295  1.00 1 1
296  0.42 8 3
297  0.71 9 0
298  0.48 26 3
299  0.45 23 5
300  0.84 9 2
301  0.60 14 2
302  0.50 10 0
303  0.71 17 4
304  0.93 10 2
305  0.43 16 2
306  0.67 6 1
307  0.58 7 1
308  0.51 14 2
309  0.62 9 1
310  0.66 22 3
311  0.33 23 3
312  0.64 10 3
313  0.65 11 1
314  0.57 6 0
315  0.69 10 2
316  0.41 16 2
317  0.45 10 1
318  0.20 15 1
319  0.22 16 3
320  0.00 8 0
321  0.25 17 1
322  0.24 9 1
323  0.41 15 3
324  0.23 14 2
325  0.27 9 1
326  0.33 13 2
327  0.45 21 3
328  0.42 11 2
329  0.52 13 0
330  0.32 16 2
331  0.43 10 2
332  1.00 1 1
333  0.42 9 3
334  0.71 5 0
335  0.39 37 4
336  0.39 37 4
337  0.41 38 2
338  0.16 11 0
339  0.45 34 0
340  0.21 18 1
341  0.24 13 0
342  0.26 23 2
343  0.39 39 1
344  0.13 19 0
345  0.59 36 5
346  0.40 57 1
347  0.39 54 4
348  0.29 17 3
349  0.35 24 2
350  0.49 35 4
351  0.58 19 3
352  1.00 1 1
353  0.61 10 3
354  0.62 13 0
355  0.64 11 3
356  0.53 11 1
357  0.64 11 3
358  0.53 11 1
359  0.59 13 1
360  0.59 14 3
361  0.49 15 2
362  0.70 12 2
363  0.67 14 2
364  0.72 12 3
365  0.65 6 2
366  0.50 22 5
367  0.71 9 2
368  0.70 12 2
369  0.75 13 3
370  0.72 5 1
371  0.59 11 2
372  0.38 13 1
373  0.48 12 1
374  0.35 20 2
375  0.38 14 2
376  0.73 10 2
377  0.48 13 3
378  0.46 15 2
379  0.62 17 3
380  0.60 15 2
381  0.58 10 2
382  0.58 18 4
383  0.52 31 4
384  0.31 7 2
385  0.43 4 1
386  0.32 6 1
387  1.00 1 1
388  0.71 4 3
389  0.44 13 1
390  0.16 21 3
391  0.45 21 3
392  0.26 21 1
393  0.46 31 4
394  0.62 20 7
395  0.73 13 7
396  0.49 17 2
397  0.35 10 0
398  0.38 27 5
399  0.56 23 2
400  0.46 29 3
401  0.34 28 2
402  0.40 4 0
403  0.41 18 3
404  0.31 15 0
405  0.31 15 3
406  0.49 17 5
407  0.23 14 1
408  0.45 32 3
409  0.48 14 1
410  0.25 30 5
411  1.00 1 1
412  0.71 14 9
413  0.78 7 0
414  0.42 23 2
415  0.49 25 3
416  0.50 38 4
417  0.34 36 1
418  0.59 43 6
419  0.44 12 1
420  0.49 15 1
421  0.53 29 3
422  0.48 19 1
423  0.50 20 1
424  0.42 19 4
425  0.17 12 0
426  0.40 26 6
427  0.40 37 4
428  0.61 17 1
429  0.49 27 3
430  0.57 13 2
431  0.25 29 4
432  0.41 24 2
433  0.23 25 0
434  0.52 10 1
435  0.52 8 2
436  0.56 18 2
437  0.71 8 0
438  0.65 12 1
439  0.37 21 3
440  0.69 28 3
441  0.53 16 1
442  0.39 20 3
443  0.44 27 3
444  0.32 25 0
445  0.35 22 3
446  1.00 1 1
447  0.71 4 2
448  0.00 1 0
449  0.44 49 5
450  0.44 49 5
451  0.46 25 4
452  0.38 34 3
453  0.57 9 1
454  0.48 36 3
455  0.24 20 0
456  0.42 35 3
457  0.52 19 4
458  0.58 17 2
459  0.32 22 2
460  0.61 20 1
461  0.59 28 0
462  0.55 10 1
463  0.40 12 0
464  0.32 29 4
465  0.60 14 3
466  0.21 11 2
467  0.55 23 3
468  0.67 7 1
469  0.47 20 4
470  1.00 1 1
471  0.75 5 2
472  0.82 7 0
473  0.51 26 2
474  0.39 32 4
475  0.40 49 10
476  0.23 31 3
477  0.20 19 3
478  0.17 12 2
479  0.42 10 1
480  0.37 32 4
481  0.37 42 2
482  0.39 30 2
483  0.36 47 3
484  1.00 1 1
485  0.71 4 2
486  0.55 16 0
487  0.51 24 4
488  0.73 14 5
489  0.75 7 1
490  0.50 46 6
491  0.63 16 5
492  0.50 18 2
493  0.45 17 2
494  0.46 27 3
495  0.40 10 1
496  0.64 27 3
497  0.60 37 3
498  0.83 16 5
499  0.46 17 4
500  0.42 12 2
501  1.00 1 1
502  0.00 5 2
503  0.69 9 0
504  0.31 17 1
505  0.41 33 2
506  0.16 45 7
507  0.31 30 3
508  0.24 42 2
509  0.27 34 4
510  0.41 13 2
511  0.33 21 3
512  0.18 34 2
513  0.42 19 1
514  0.51 24 2
515  0.11 28 4
516  0.30 21 4
517  0.64 38 12
518  0.40 39 2
519  0.44 20 2
520  0.38 30 5
521  0.29 55 6
522  0.47 33 3
523  0.33 38 1
524  1.00 1 1
525  0.71 4 2
526  0.72 7 0
527  0.60 13 2
528  0.40 43 4
529  0.38 46 6
530  0.39 10 2
531  0.16 15 0
532  0.41 19 1
533  0.38 32 4
534  0.31 25 0
535  0.33 15 0
536  0.68 12 3
537  0.55 21 4
538  1.00 1 1
539  0.71 4 2
540  0.67 5 0
541  0.25 13 1
542  0.10 6 1
543  0.27 39 6
544  0.50 12 0
545  0.19 13 1
546  0.33 14 0
547  0.40 29 8
548  0.32 15 2
549  0.63 25 7
550  1.00 1 1
551  0.71 4 2
552  0.57 5 0
553  0.57 17 1
554  0.27 10 0
555  0.53 13 4
556  0.50 21 1
557  0.00 13 3
558  0.22 17 3
559  0.23 15 4
560  0.23 20 3
561  0.16 10 2
562  0.35 27 2
563  0.23 32 4
564  0.43 28 4
565  0.40 24 0
566  0.48 31 4
567  0.26 23 3
568  0.64 19 1
569  0.66 26 2
570  0.57 32 8
571  0.49 34 4
572  1.00 1 1
573  0.71 4 2
574  0.80 3 0
575  0.54 22 2
576  0.44 41 11
577  0.39 9 1
578  0.31 31 4
579  0.43 12 1
580  0.25 12 0
581  0.33 7 1
582  0.32 27 2
583  0.51 32 5
584  0.42 47 5
585  0.54 33 2
586  0.40 58 7
587  1.00 1 1
588  0.67 30 10
589  0.47 5 0
590  0.61 39 6
591  0.64 37 7
592  0.59 39 10
593  0.45 37 4
594  0.43 32 5
595  0.51 23 4
596  0.59 38 3
597  0.34 44 5
598  0.50 22 3
599  0.63 14 2
600  0.41 19 2
601  0.33 18 2
602  0.45 44 1
603  0.41 40 2
604  0.43 29 2
605  0.49 28 2
606  0.42 58 5
607  0.49 23 4
608  0.44 41 3
609  1.00 1 1
610  0.71 4 3
611  0.82 5 0
612  0.58 16 3
613  0.56 30 4
614  0.36 33 4
615  0.22 32 1
616  0.36 28 2
617  0.25 42 4
618  0.38 34 2
619  0.45 40 1
620  0.45 36 6
621  0.25 31 7
622  0.45 24 4
623  1.00 1 1
624  1.00 9 4
625  0.73 11 0
626  0.47 28 5
627  0.60 17 4
628  0.61 27 3
629  0.47 28 5
630  0.62 14 4
631  0.27 6 2
632  0.61 12 1
633  0.51 13 2
634  0.64 19 3
635  0.45 39 7
636  0.89 4 1
637  0.33 13 1
638  0.20 6 0
639  0.50 8 1
640  0.60 27 7
641  0.31 7 3
642  1.00 1 1
643  1.00 4 2
644  0.60 11 0
645  0.55 20 3
646  0.58 34 6
647  0.54 34 4
648  0.69 22 1
649  0.53 25 2
650  0.52 18 4
651  0.54 23 3
652  0.60 8 1
653  0.30 21 3
654  0.31 23 4
655  0.48 39 4
656  0.68 22 3
657  0.28 24 5
658  0.54 27 6
659  0.22 30 5
660  0.48 25 5
661  0.33 20 4
662  0.45 34 7
663  1.00 1 1
664  0.71 4 2
665  0.75 7 0
666  0.54 46 4
667  0.49 29 4
668  0.54 31 5
669  0.40 48 4
670  0.62 34 11
671  0.28 15 3
672  0.54 13 2
673  0.28 22 0
674  0.51 29 3
675  1.00 1 1
676  0.81 15 6
677  0.67 3 0
678  0.67 29 8
679  0.57 45 12
680  0.75 11 2
681  0.33 27 5
682  0.57 26 7
683  0.60 21 6
684  0.44 18 7
685  0.43 44 10
686  0.57 31 4
687  0.42 36 7
688  0.48 37 5
689  0.47 28 3
690  0.50 20 5
691  0.52 29 8
692  0.33 32 7
693  1.00 1 1
694  0.71 4 2
695  0.65 11 0
696  0.51 24 6
697  0.51 26 6
698  0.74 17 4
699  0.59 22 7
700  0.49 25 3
701  0.43 25 0
702  0.65 9 5
703  0.55 29 7
704  0.53 10 1
705  0.55 39 5
706  0.58 27 2
707  0.32 21 1
708  0.70 30 4
709  0.55 15 2
710  1.00 1 1
711  0.71 4 1
712  0.57 5 0
713  0.52 22 3
714  0.42 37 4
715  0.33 19 4
716  0.19 12 3
717  0.46 18 4
718  0.47 11 2
719  0.70 12 4
720  0.27 19 3
721  0.55 28 2
722  0.68 12 2
723  0.55 20 4
724  0.49 15 5
725  0.50 20 2
726  0.51 46 3
727  0.58 13 2
728  1.00 1 1
729  0.84 9 5
730  0.64 9 0
731  0.59 17 3
732  0.49 20 2
733  0.49 41 5
734  0.46 16 3
735  0.72 15 5
736  0.61 27 5
737  0.55 17 2
738  0.45 26 9
739  0.51 20 2
740  0.61 16 2
741  0.51 32 6
742  0.42 23 2
743  0.57 26 9
744  0.63 19 6
745  0.55 28 3
746  0.49 29 4
747  0.87 11 3
748  0.55 20 5
749  0.62 26 3
750  0.45 23 6
751  0.62 20 6
752  0.39 21 5
753  0.70 18 3
754  0.68 14 4
755  0.55 30 7
756  0.44 25 3
757  0.40 15 1
758  0.57 21 5
759  0.65 17 4
760  0.58 25 2
761  0.67 14 3
762  0.54 18 1
763  0.54 42 5
764  0.49 19 2
765  0.65 22 3
766  0.41 55 3
767  0.46 46 1
768  0.64 28 3
769  0.45 55 2
770  0.50 47 7
771  1.00 1 1
772  0.81 9 3
773  0.67 9 0
774  0.53 22 2
775  0.60 24 2
776  0.63 19 5
777  0.53 44 5
778  0.49 50 8
779  0.54 26 3
780  0.32 18 1
781  0.73 30 2
782  0.58 39 2
783  0.59 42 2
784  0.54 37 4
785  0.47 42 3
786  0.56 50 5
787  1.00 1 1
788  0.62 10 5
789  0.53 13 0
790  0.66 21 6
791  0.65 20 4
792  0.51 42 6
793  0.74 23 7
794  0.50 43 8
795  0.61 29 6
796  0.61 21 4
797  0.30 31 4
798  0.57 37 6
799  0.62 18 3
800  0.42 40 6
801  0.57 33 4
802  0.56 27 7
803  1.00 1 1
804  0.57 10 4
805  0.77 3 0
806  0.50 34 2
807  0.51 26 4
808  0.49 31 2
809  0.42 45 11
810  0.42 27 3
811  0.58 36 5
812  0.29 40 9
813  0.17 22 2
814  0.45 41 0
815  0.35 38 3
816  0.42 38 9
817  0.42 31 2
818  0.49 22 1
819  0.42 18 1
820  0.43 9 2
821  0.30 17 1
822  0.52 34 1
823  0.29 13 0
824  0.26 14 1
825  0.43 29 1
826  0.38 34 1
827  1.00 4 1
828  0.54 56 2
829  0.38 44 3
830  0.52 9 1
831  0.18 4 0
832  0.29 41 7
833  0.52 25 2
834  0.42 29 2
835  0.25 39 1
836  0.55 16 2
837  0.57 14 4
838  0.40 73 8
839  0.42 31 2
840  0.38 29 2
841  0.44 45 0
842  0.52 26 4
843  0.36 35 2
844  0.35 64 0
845  0.38 40 4
846  0.48 36 4
847  0.32 38 0
848  0.29 28 0
849  0.46 21 0
850  0.40 26 4
851  0.33 26 0
852  0.44 28 0
853  0.36 15 0
854  0.44 19 3
855  0.33 23 2
856  0.19 12 0
857  0.30 35 1
858  0.44 74 7
859  0.39 65 2
860  0.18 9 0
861  0.33 41 2
862  0.38 80 0
863  0.38 19 0
864  0.29 24 0
865  0.11 23 0
866  0.52 37 3
867  0.48 12 1
868  0.19 10 2
869  0.44 29 2
870  0.47 12 1
871  0.44 30 4
872  0.52 18 3
873  0.29 11 2
874  0.10 15 1
875  0.48 53 4
876  0.22 41 1
877  0.47 80 2
878  0.17 20 0
879  0.31 5 0
880  0.27 4 1
881  0.42 5 1
882  0.36 12 1
883  0.73 5 3
884  0.45 7 0
885  0.42 7 0
886  0.25 8 0
887  0.00 5 0
888  0.64 8 0
889  0.52 8 1
890  0.29 5 3
891  0.37 240 17
892  0.37 9 1
893  0.50 6 1
894  0.17 7 0
895  0.47 9 1
896  0.57 18 1
897  0.39 16 1
898  0.65 16 1
899  0.56 31 3
900  0.53 64 4
901  0.67 5 1
902  0.47 60 5
903  0.32 19 0
904  0.25 5 0
905  0.21 12 0
906  0.17 5 0
907  0.18 4 0
908  0.30 15 1
909  0.17 4 0
910  0.57 7 1
911  0.33 4 0
912  1.00 3 0
913  0.38 20 0
914  0.00 7 0
915  0.19 36 0
916  0.00 1 0
917  0.24 14 0
918  0.20 24 1
919  0.25 3 0
920  0.24 38 1
921  0.80 1 0
922  1.00 1 0
923  0.00 2 0
924  0.00 3 0
925  0.00 2 0
926  0.00 3 0
927  0.39 18 1
928  0.45 15 0
929  0.31 16 0
930  0.40 18 0
931  0.28 37 1
932  0.16 7 0
933  0.18 28 2
934  0.21 16 0
935  0.06 23 0
936  0.39 46 1
937  0.18 5 0
938  0.73 10 1
939  0.27 51 2
940  0.30 21 0
941  0.60 29 0
942  0.38 23 0
943  0.18 42 0
944  0.32 26 2
945  0.24 19 1
946  0.29 17 1
947  0.24 43 0
948  0.22 9 1
949  0.26 18 0
950  0.34 15 1
951  0.00 2 0
952  0.47 11 0
953  0.12 9 0
954  0.43 8 0
955  0.49 16 0
956  1.00 2 0
957  1.00 2 0
958  0.00 6 0
959  0.27 25 3
960  0.36 18 0
961  0.11 20 4
962  0.33 19 4
963  0.53 8 0
964  0.29 24 6
965  0.32 32 5
966  0.39 16 2
967  0.20 24 3
968  0.50 9 1
969  0.15 10 0
970  0.29 25 1
971  0.32 34 2
972  0.64 10 0
973  0.44 13 0
974  0.44 14 3
975  0.34 32 3
976  0.00 5 0
977  0.52 30 2
978  0.36 30 7
979  0.16 13 1
980  0.40 4 0
981  0.44 13 1
982  0.29 13 1
983  0.40 20 0
984  0.29 7 0
985  0.30 11 3
986  0.21 10 0
987  0.44 17 1
988  0.38 13 1
989  0.48 8 3
990  0.20 12 0
991  0.57 6 0
992  0.18 22 2
993  0.32 32 4
994  0.00 10 0
995  0.00 8 0
996  0.67 7 0
997  0.27 15 0
998  0.27 24 0
999  0.83 2 1
1000 0.00 6 0
1001 0.00 6 1
1002 0.27 46 2
1003 0.67 14 0
1004 0.41 20 1
1005 0.27 10 0
1006 0.48 18 1
1007 0.00 6 0
1008 0.39 19 2
1009 0.22 4 0
1010 0.38 9 1
1011 0.24 25 0
1012 0.37 24 0
1013 0.26 32 1
1014 0.32 25 0
1015 0.31 15 1
1016 0.25 44 1
1017 0.00 8 0
1018 0.33 21 0
1019 0.25 5 0
1020 0.00 1 0
1021 0.56 22 2
1022 0.31 26 0
1023 0.17 16 1
1024 0.60 12 0
1025 0.24 22 1
1026 0.33 26 0
1027 0.18 25 2
1028 1.00 3 0
1029 0.36 15 0
1030 0.25 15 0
1031 0.28 19 0
1032 0.14 17 0
1033 0.00 4 0
1034 0.42 10 5
1035 0.23 12 1
1036 0.26 14 0
1037 0.19 22 4
1038 0.33 46 5
1039 0.19 27 3
1040 0.24 19 0
1041 0.43 10 0
1042 0.53 10 0
1043 0.25 9 0
1044 0.15 21 1
1045 0.40 9 0
1046 0.13 17 1
1047 0.47 8 1
1048 0.67 11 0
1049 0.41 30 0
1050 0.52 9 0
1051 0.49 21 1
1052 0.36 34 1
1053 0.32 22 2
1054 0.52 29 0
1055 0.42 41 1
1056 0.26 15 3
1057 0.34 13 1
1058 0.37 26 0
1059 0.23 19 0
1060 0.30 35 2
1061 0.08 14 0
1062 0.22 18 1
1063 0.32 21 0
1064 0.27 23 0
1065 0.51 15 0
1066 0.28 12 1
1067 0.38 11 0
1068 0.00 15 0
1069 0.21 13 0
1070 0.41 21 0
1071 0.36 27 0
1072 0.17 21 0
1073 0.00 2 0
1074 0.15 6 0
1075 0.00 5 0
1076 0.15 23 0
1077 0.18 19 1
1078 0.20 6 0
1079 0.45 17 0
1080 0.78 6 0
1081 0.00 5 0
1082 0.07 11 0
1083 0.35 7 0
1084 0.00 4 0
1085 0.27 8 0
1086 0.40 11 1
1087 0.08 13 0
1088 0.32 24 0
1089 0.15 16 0
1090 0.00 11 0
1091 0.00 5 0
1092 0.21 20 1
1093 0.09 21 1
1094 0.21 22 0
1095 0.34 18 1
1096 0.20 33 0
1097 0.34 28 2
1098 0.17 12 0
1099 0.00 11 0
1100 0.23 37 0
1101 0.29 12 0
1102 0.30 40 1
1103 0.14 39 0
1104 0.40 5 0
1105 0.15 35 1
1106 0.20 36 0
1107 0.27 51 0
1108 0.35 31 0
1109 0.21 25 4
1110 0.28 30 1
1111 0.47 9 0
1112 0.28 29 0
1113 0.22 47 0
1114 0.19 7 0
1115 0.29 18 3
1116 0.14 25 1
1117 0.14 11 0
1118 0.19 32 2
1119 0.15 20 0
1120 0.26 14 0
1121 0.32 28 0
1122 0.44 13 0
1123 0.33 8 0
1124 0.45 17 0
1125 0.36 30 3
1126 0.48 14 0
1127 0.13 9 0
1128 0.32 28 2
1129 0.25 31 3
1130 0.35 35 0
1131 0.16 20 0
1132 0.32 11 0
1133 0.18 13 0
1134 0.11 8 0
1135 0.56 14 1
1136 0.47 9 0
1137 0.73 4 0
1138 0.00 6 0
1139 0.40 9 0
1140 0.31 13 0
1141 0.18 20 0
1142 0.37 12 0
1143 0.11 14 0
1144 0.33 39 2
1145 0.12 8 0
1146 0.18 19 0
1147 0.30 8 0
1148 0.34 18 3
1149 0.41 16 0
1150 0.20 26 0
1151 0.57 7 0
1152 0.38 9 0
1153 0.57 6 0
1154 0.35 12 1
1155 0.22 34 4
1156 0.37 26 0
1157 0.00 6 0
1158 0.32 38 1
1159 0.27 22 0
1160 0.15 21 0
1161 0.00 3 0
1162 0.10 14 0
1163 0.32 13 0
1164 0.07 20 0
1165 0.00 14 0
1166 0.24 24 0
1167 0.24 45 0
1168 0.47 23 0
1169 0.29 57 5
1170 0.25 63 7
1171 0.25 57 0
1172 0.25 43 0
1173 0.34 77 2
1174 0.25 65 0
1175 0.37 28 0
1176 0.38 40 0
1177 0.42 34 0
1178 0.24 163 5
1179 0.33 3 0
1180 0.33 62 0
1181 0.15 51 1
1182 0.15 50 0
1183 0.21 49 1
1184 1.00 1 0
1185 0.50 3 0
1186 0.36 32 0
1187 0.20 7 0
1188 0.29 23 0
1189 0.28 20 2
1190 0.42 7 0
1191 0.76 10 0
1192 0.75 11 0
1193 0.53 11 0
1194 0.21 37 2
1195 0.42 32 3
1196 0.39 46 0
1197 0.20 23 0
1198 0.36 16 1
1199 0.40 4 0
1200 0.33 10 0
1201 0.30 27 1
1202 0.50 13 0
1203 0.25 21 6
1204 0.20 23 2
1205 0.14 32 0
1206 0.24 8 0
1207 0.41 17 0
1208 0.40 25 1
1209 0.41 16 0
1210 0.24 11 1
1211 0.00 6 0
1212 0.41 12 1
1213 0.29 24 1
1214 0.43 20 0
1215 0.34 8 1
1216 0.30 26 1
1217 0.37 11 0
1218 0.00 6 0
1219 0.10 25 0
1220 0.27 27 0
1221 0.00 9 0
1222 0.00 14 0
1223 0.00 4 0
1224 0.62 4 0
1225 0.30 10 0
1226 0.24 22 0
1227 0.28 14 0
1228 0.38 9 0
1229 0.18 15 0
1230 0.20 22 0
1231 0.17 6 0
1232 0.30 25 7
1233 0.47 8 0
1234 0.21 40 0
1235 0.38 21 0
1236 0.58 11 0
1237 0.21 11 0
1238 0.67 5 0
1239 0.20 45 3
1240 0.23 23 3
1241 0.44 5 0
1242 0.57 7 0
1243 0.26 33 1
1244 0.35 7 0
1245 0.23 37 2
1246 0.44 19 0
1247 0.23 20 3
1248 0.29 17 0
1249 0.50 18 0
1250 0.11 11 0
1251 0.33 20 0
1252 0.27 7 0
1253 0.24 32 0
1254 0.31 53 1
1255 0.15 14 0
1256 0.21 9 1
1257 0.20 33 1
1258 0.20 25 1
1259 0.11 19 0
1260 0.18 29 2
1261 0.40 14 0
1262 0.16 18 0
1263 0.24 22 0
1264 0.40 42 1
1265 0.20 24 2
1266 0.32 23 0
1267 0.22 22 0
1268 0.28 34 4
1269 0.16 37 0
1270 0.35 52 1
1271 0.34 45 0
1272 0.12 11 0
1273 0.27 21 0
1274 0.36 9 0
1275 0.27 27 0
1276 0.37 33 0
1277 0.28 33 0
1278 0.25 36 2
1279 0.12 31 0
1280 0.08 17 0
1281 0.23 66 2
1282 0.13 16 0
1283 0.31 31 0
1284 0.36 13 0
1285 0.58 13 5
1286 0.45 70 10
1287 0.65 27 4
1288 0.57 43 4
1289 0.60 14 2
1290 0.68 28 4
1291 0.66 25 3
1292 0.00 3 1
1293 0.50 8 4
1294 0.57 46 10
1295 0.53 42 8
1296 0.55 41 9
1297 0.00 3 1
1298 0.49 16 6
1299 0.48 14 4
1300 0.56 12 3
1301 0.34 90 12
1302 0.53 18 3
1303 0.72 11 2
1304 0.51 24 2
1305 0.44 23 1
1306 0.62 27 3
1307 0.42 27 1
1308 0.65 20 4
1309 0.00 3 1
1310 0.58 13 5
1311 0.46 27 5
1312 0.67 10 1
1313 0.46 18 0
1314 0.40 13 0
1315 0.40 23 2
1316 0.48 38 3
1317 0.40 38 2
1318 0.49 40 3
1319 0.49 28 4
1320 0.25 37 1
1321 0.63 11 3
1322 0.48 41 6
1323 0.00 3 1
1324 0.39 42 6
1325 0.27 7 3
1326 0.50 13 5
1327 0.43 24 6
1328 0.44 24 6
1329 0.14 14 2
1330 0.55 65 22
1331 0.64 19 3
1332 0.46 16 2
1333 0.58 51 16
1334 0.45 13 1
1335 0.51 27 4
1336 0.45 33 4
1337 0.47 14 2
1338 0.43 27 4
1339 0.50 11 1
1340 0.27 14 2
1341 0.53 30 8
1342 0.40 50 7
1343 0.15 34 3
1344 0.00 3 1
1345 0.65 16 6
1346 0.32 19 5
1347 0.68 16 3
1348 0.29 34 5
1349 0.36 29 6
1350 0.54 29 6
1351 0.54 23 5
1352 0.46 29 3
1353 0.56 20 0
1354 0.43 10 0
1355 0.11 11 0
1356 0.40 17 0
1357 0.42 8 0
1358 0.46 18 3
1359 0.33 42 6
1360 0.00 3 1
1361 0.64 16 6
1362 0.44 54 9
1363 0.50 38 8
1364 0.32 17 0
1365 0.70 11 3
1366 0.40 6 1
1367 0.51 29 5
1368 0.51 88 25
1369 0.13 10 1
1370 0.00 3 1
